CPU (OpenMP) Results:
1945
1854
1871
1761
1762
1722
1843
1827
1831
1858
1789
1785
1853
1869
1871
1867
1714
1816
1843
1766
1843
1879
1827
1883
1753
1870
1902
1780
1898
1801
1822
1867
1800
1816
1945
1933
1879
1897
1806
1889
1904
1893
1824
1828
1875
1727
1888
1952
1798
1843
1875
1739
1854
1871
1791
1796
1733
1819
1852
1823
1893
1941
1731
1874
1773
1929
1790
1894
1722
1886
1819
1702
1847
1918
1878
1744
1801
1873
1834
1889
1846
1865
1844
1872
1820
1729
1771
1906
1820
1850
1932
1845
1771
1842
1817
1885
1912
1796
1855
1858
1775
1822
1786
1741
1942
1858
1783
1803
1884
1835
1833
1756
1799
1947
1800
1790
1905
1826
1685
1716
1859
1859
1921
1781
1819
1822
1854
1841
1892
1868
1844
1810
1883
1921
1840
1805
1807
1823
1821
1856
1758
1898
1905
1823
1912
1819
1874
1837
1867
1784
1761
1868
1906
1771
1826
1959
1890
1865
1870
1922
1848
1729
1881
1862
1866
1858
1758
1991
1826
1756
1799
1861
1843
1840
1811
1900
1911
1817
1770
1803
1917
1822
1920
1852
1827
1842
1856
1821
1783
1795
1767
1836
1795
1800
1802
1865
1834
1860
1878
1903
1898
1883
1746
1775
1758
1870
1855
1883
1844
1829
1855
1746
1750
1785
1925
1898
1900
1858
1829
1922
1813
1790
1943
1921
1973
1764
1826
1953
1891
1839
1901
1795
1851
1803
1767
1784
1814
1815
1838
1842
1728
1787
1830
1925
1829
1943
1832
1794
1953
1799
1929
1845
1920
1863
1823
1820
1787
1794
1805
1913
1808
1960
1738
1961
1867
1806
1986
1916
1872
1841
1862
1817
1830
1789
1834
1802
1832
1811
1815
1851
1872
1881
1803
1848
1897
1780
1841
1843
1819
1904
1712
1714
1836
1913
1941
1908
1872
1773
1803
1817
1901
1731
1869
1876
1839
1870
1725
1903
1759
1776
1905
1949
1802
1811
1769
1848
1787
1834
1807
1887
1839
1773
1861
1868
1893
1882
1868
1919
1699
1750
1827
1892
1792
1756
1733
1772
1828
1908
1847
1860
1748
1934
1959
1851
1813
1882
1865
1776
1936
1872
1918
1823
1759
1736
1717
1941
1749
1858
1941
1866
1819
1835
1865
1877
1849
1771
1930
1882
1866
1806
1911
1868
1846
1839
1729
1801
1800
1839
1902
1855
1955
2029
1861
1880
1845
1857
1891
1830
1962
1759
1860
1782
1869
1906
1855
1809
1844
1845
1928
1798
1865
1911
1776
1769
1949
1948
1885
1828
1749
1776
1921
1867
1807
1811
1818
1785
1907
1860
1858
1894
1856
1836
1834
1776
1888
1874
1863
1876
1746
1723
1900
1836
1897
1864
1739
1877
1903
1860
1816
1835
1902
1783
1867
1852
1802
1851
1833
1860
1922
1800
1711
1752
1879
1794
1910
1868
1910
1863
1924
1790
1739
1759
1887
1787
1865
1857
1834
1817
1865
1851
1874
1859
1859
1867
1796
1873
1820
1880
1906
1842
1873
1779
1865
1959
1722
1825
1801
1834
1772
1819
1775
1863
1772
1826
1791
1867
1909
1777
1903
1848
1842
1869
1796
1719
1857
2003
1795
1890
1831
1834
1813
1912
1851
1798
1882
1824
1752
1813
1846
1775
1735
1887
1985
1836
1844
1772
1814
1867
1859
1807
1832
1795
1699
1795
1887
1866
1858
1889
1845
1885
1870
1782
1889
1958
1882
1863
1756
1774
1814
1872
1803
1889
1815
1847
1737
1770
1921
1868
1838
1772
1792
1798
1880
1832
1764
1714
1783
1785
1908
1822
1907
1841
1689
1806
1829
1846
1919
1696
1769
1839
1861
1772
1827
1831
1817
1875
1820
1882
1790
1853
1811
1815
1871
1918
1946
1900
1862
1835
1845
1910
1811
1766
1853
1824
1902
1958
1814
1932
1794
1906
1898
1859
1688
1857
1937
1781
1748
1756
1831
1903
1731
1842
1825
1840
1860
1895
1812
1903
1745
1966
1840
1922
1875
1793
1854
1878
1903
1768
1801
1900
1826
1828
1908
1875
1706
1811
1872
1989
1853
1765
1903
1933
1809
1957
1737
1792
1842
1757
1864
1867
1909
1774
1884
1700
1871
1885
1864
1813
1747
1993
1718
1993
1869
1817
1895
1864
1837
1945
1902
1876
1776
1851
1906
1822
1822
1903
1754
1728
1857
1812
1876
1939
1799
1769
1868
1903
1972
1763
1844
1823
1841
1855
1776
1838
1885
1911
1822
1815
1800
1913
1884
1873
1909
1741
1738
1835
1764
1972
1813
1812
1797
1855
1870
1851
1863
1890
1827
1887
1796
1740
1774
1926
1885
1783
1880
1760
1892
1887
1799
1810
1863
1839
1895
1923
1799
1876
1917
1753
1791
1863
1886
1740
1826
1794
1881
1802
1871
1856
1868
1786
1803
1910
1855
1886
1924
1979
1933
1890
1814
1942
1834
1854
1779
1908
1875
1718
1925
1751
1804
1827
1828
1826
1833
1823
1871
1803
1863
1900
1865
1824
1665
1832
1900
1842
1902
1838
1899
1866
1816
1849
1764
1905
1828
1950
1762
1811
1888
1827
1757
1784
1895
1870
1823
1787
1838
1772
1724
1770
1904
1801
1838
1880
1769
1893
1883
1814
1877
1828
1766
1868
1948
1885
1820
1832
1795
1639
1882
1799
1876
1885
1819
1786
1804
1858
1817
1750
1816
1873
1850
1821
1825
1866
1769
1835
1693
1765
1798
1839
1785
1731
1865
1870
1830
1800
1726
1844
1818
1863
1798
1796
1783
1734
1783
1769
1879
1764
1922
1818
1790
1818
1857
1794
1817
1868
1820
1878
1810
1901
1776
1861
1803
1772
1833
1925
1789
1881
1757
1857
1879
1879
1719
1852
1790
1842
1791
1861
1802
1907
1743
1865
1839
1813
1769
1788
1781
1847
1762
1892
1808
1831
1933
1866
1841
1822
1959
1802
1796
1870
1771
1830
1832
1752
1728
1755
1961
1766
1838
1839
1872
1777
1778
1879
1856
1950
1848
1830
1829
1928
1875
1865
1815
1816
1825
1921
1855
1932
1838
1847
1794
1872
1920
1723
1907
1813
1809
1884
1754
1780
1768
1745
1913
1878
1853
1760
1856
1852
1889
1886
1814
1860
1802
1924
1771
1732
1894
1891
1900
1913
1844
1870
1804
1801
1876
1727
1798
1721
1778
1852
1845
1887
